19133158
19133158
11013134
12837870
7907600
20046049
7599635
20485447
20485447
20485447
18059005
20485447
18059005
12359139
9628192
19760747
20485447
20485447
19783145
10722962
10722962
20485447
19783145
19760747
16077730
16641202
17194569
11175790
24423310
20535123
12673790
12673790
12673790
24123825
15985493
16491411
16491411
16491411
15456491
10408784
8557261
8557261
11476670
23021409
23021409
16679491
10807541
9533447
15870181
9533447
20538085
19390640
22772377
20538085
9199560
8481408
8781532
7541650
20079901
11001903
15342698
20886637
15687324
21150919
1558964
10732814
10732814
12655557
18554279
8530604
9175738
10629163
11914025
8530604
19339792
19812236
8626815
9467570
21044116
24651309
19370764
9887374
22510445
17202431
16854533
9099834
8245024
14641872
14641872
17143551
22889856
20363167
12689701
9338583
20363167
23046579
10348824
11875012
24575791
8860014
11857754
19036343
11129331
19150152
19398212
11590544
11590544
11590544
11590544
15277496
17284421
11179008
16333836
22903787
10844410
17878374
1317725
16463284
8878424
10677295
10677295
10677295
10677295
10677295
21810471
11375401
22619348
22266938
11287370
17949279
10951252
11564184
7861013
18990578
7944300
19411563
22227072
8894696
8254026
8617513
14765545
21426410
15713769
15300854
11066084
17653898
16341550
15300854
8808596
16830052
15713769
12655562
8808596
17030746
15713769
15713769
16341550
10063835
10063835
10063835
10063835
10063835
10063835
10063835
10063835
23043934
23043934
22159817
11153910
7803798
8781442
8702417
10801050
17644793
9683595
9683595
17922851
24144828
18810511
24239059
17617514
15459959
15459959
22987206
15459959
15459959
19111562
15459959
15459959
15459959
15459959
15459959
15459959
15459959
8125478
19084451
12239222
11017088
12872253
18513682
16917880
16917880
16917880
16917880
16917880
16917880
16917880
16917880
16917880
16917880
16917880
16917880
11470272
9783703
10451518
7981679
9544853
19449407
14513407
7981679
9783703
9783703
8957181
9463322
10874316
10874316
8957181
21563229
21563229
21563229
21563229
16864835
19912655
16547423
16373086
16006781
17169596
20457534
8098245
11214902
10694925
12189489
9207799
16412675
12384772
12384772
9683594
7518679
22976764
18252791
7711737
9245685
10767344
11216660
16897190
11071483
21679407
11071483
11071483
19235233
19235233
1560016
11453975
21670405
21722153
18570668
18570668
10679943
10679943
10456456
15147381
9600246
12372404
1302009
20152661
21722858
21722858
8841415
10319579
20691405
9529348
9529348
21763628
11317357
11317357
11317357
11317357
11317357
14574520
9759472
9442063
10467273
21850172
19516003
21326217
15364249
21402907
15971231
15971231
15971231
15971231
15971231
15971231
15971231
15971231
15971231
18350359
17230465
15459009
9582331
9582331
22738189
23900835
10697964
16919490
23246836
19508970
23661805
9326249
15690373
22911665
19912265
20491894
20491894
11039577
22089833
22089833
22089833
8490186
9192783
8941647
8941647
10192450
8547102
1840591
2056132
10566637
18602572
18602572
20693550
23932106
20607612
19837936
11281275
18455130
21994215
12579492
22549410
22989526
9270601
17643332
23707712
11241842
11241842
8023850
11298136
9887333
10980530
10980530
10980530
9600235
9887333
10980530
9887333
9887333
9887333
10980530
9887333
10980530
10980530
10980530
10980530
9467005
7842019
7842019
15693857
9829905
8526905
21733974
10477430
10477430
19965637
8796143
18347289
15226181
7579347
15591903
19715473
8312380
23754947
18424508
15300854
18424508
21309043
18424508
18424508
22632462
22632462
22632462
22632462
22632462
22632462
22632462
18424508
18424508
19267246
22962691
23983145
23983145
22962691
20455026
23983145
22962691
22962691
23983145
23983145
23564749
9106525
9106525
9260159
9106525
15778377
19375167
22425360
24530203
22981119
18387594
11675497
11857743
11857743
20140736
19076794
8906584
7543385
15241793
7518409
15241793
9678418
15116370
19008299
7859284
9204958
11406649
2298750
8408653
8829655
2394758
21801164
2454224
21801164
10694924
16189708
15895462
9675039
7847372
15895462
15895462
24399159
24399159
7487954
24399159
18779970
1672129
7665911
8477261
11044206
12436246
11223851
11223851
12436246
11223851
11223851
11223851
11223851
8441246
18332068
11223851
12436246
8950675
21611149
9425231
20976770
20976770
18366090
10329467
20976770
18366090
20976770
20976770
20976770
20976770
20976770
18366090
18366090
20976770
20976770
20976770
11992252
9406826
22515571
9804332
21574979
19486058
10364514
12244547
10364514
10842095
10090888
10678658
15551337
10441569
20801540
12879954
7987309
12809643
20352457
24134756
22266938
22266938
22266938
24266877
22266938
22266938
22266938
22266938
22266938
24266877
11295830
11159544
19668078
9177409
8827518
9254865
8827518
1547285
9239422
17626518
14676472
17868390
18059005
19783145
8279470
16077730
20485447
18652600
18652600
18652600
20485447
20485447
20485447
20485447
19783145
20485447
19760747
19760747
20485447
19783145
19783145
19760747
9410897
20485447
11039581
16077730
19783145
19760747
19783145
